"","ID","year","TL","sex","island_ID","survival","age","first_year","last_year","brood_ID","min_lifespan_years","recruits","tarsres"
"1",10,2000,1.09,2,27,0,1,1999,2000,"1999.27.A.17.A.1",1,0,-0.702141072
"2",12,2000,0.69,1,27,0,1,1999,2000,"1999.27.A.17.A.1",1,0,-1.701359952
"3",19,2000,0.57,2,27,1,1,1999,2001,"1999.27.A.24.A.1",2,0,0.34533175
"4",19,2001,0.57,2,27,0,2,1999,2001,"1999.27.A.24.A.1",2,0,0.34533175
"5",23,2000,0.89,1,27,1,1,1999,2001,"1999.27.A.24.A.1",2,3,-0.074689514
"6",23,2001,0.89,1,27,0,2,1999,2001,"1999.27.A.24.A.1",2,1,-0.074689514
"7",40,2000,1.1,1,27,0,1,1999,2000,"1999.27.A.17.A.2",1,0,1.398640048
"8",41,2000,1.03,1,27,0,1,1999,2000,"1999.27.A.17.A.2",1,0,0.698640048
"9",52,1995,0.92,2,27,0,1,1994,1995,"1994.27.B.52.1",1,0,2.447858928
"10",54,1995,0.58,1,27,1,1,1994,1996,"1994.27.B.52.1",2,0,2.648640048
"11",54,1996,0.58,1,27,0,2,1994,1996,"1994.27.B.52.1",2,0,2.648640048
"12",61,1995,1.12,1,27,1,1,1994,1996,"1994.27.B.6.B.3",2,0,1.325310486
"13",61,1996,1.12,1,27,0,2,1994,1996,"1994.27.B.6.B.3",2,0,1.325310486
"14",65,1995,0.65,1,27,0,1,1994,1995,"1994.27.B.51.1",1,0,0.825310486
"15",66,1995,0.76,1,27,0,1,1994,1995,"1994.27.B.51.1",1,0,0.825310486
"16",68,1995,0.87,2,27,1,1,1994,2001,"1994.27.B.14.3",7,2,-0.173258046
"17",68,1996,0.87,2,27,1,2,1994,2001,"1994.27.B.14.3",7,1,-0.173258046
"18",68,1997,0.87,2,27,1,3,1994,2001,"1994.27.B.14.3",7,1,-0.173258046
"19",68,1998,0.87,2,27,1,4,1994,2001,"1994.27.B.14.3",7,3,-0.173258046
"20",68,1999,0.87,2,27,1,5,1994,2001,"1994.27.B.14.3",7,0,-0.173258046
"21",68,2000,0.87,2,27,1,6,1994,2001,"1994.27.B.14.3",7,1,-0.173258046
"22",68,2001,0.87,2,27,0,7,1994,2001,"1994.27.B.14.3",7,2,-0.173258046
"23",75,1995,0.76,1,27,0,1,1994,1995,"1994.27.B.21.2",1,0,1.420689858
"24",78,1995,0.71,2,27,1,1,1994,1996,"1994.27.B.53.1",2,0,0.976956464
"25",78,1996,0.71,2,27,0,2,1994,1996,"1994.27.B.53.1",2,0,0.976956464
"26",79,1995,0.79,2,27,1,1,1994,1996,"1994.27.B.51.1",2,1,-0.55466825
"27",79,1996,0.79,2,27,0,2,1994,1996,"1994.27.B.51.1",2,0,-0.55466825
"28",81,1995,0.64,1,27,1,1,1994,2000,"1994.27.B.51.1",6,0,-0.774689514
"29",81,1996,0.64,1,27,1,2,1994,2000,"1994.27.B.51.1",6,0,-0.774689514
"30",81,1997,0.64,1,27,1,3,1994,2000,"1994.27.B.51.1",6,0,-0.774689514
"31",81,1998,0.64,1,27,1,4,1994,2000,"1994.27.B.51.1",6,0,-0.774689514
"32",81,1999,0.64,1,27,1,5,1994,2000,"1994.27.B.51.1",6,0,-0.774689514
"33",81,2000,0.64,1,27,0,6,1994,2000,"1994.27.B.51.1",6,0,-0.774689514
"34",87,1996,0.89,2,27,0,1,1995,1996,"1995.27.B.12.1",1,0,-0.15466825
"35",91,1996,1.21,1,27,0,1,1995,1996,"1995.27.B.7.B.1",1,3,1.079681922
"36",127,1995,0.73,1,27,1,1,1994,1996,"1994.27.B.4.B.2",2,1,-0.020318078
"37",127,1996,0.73,1,27,0,2,1994,1996,"1994.27.B.4.B.2",2,0,-0.020318078
"38",132,1995,1.05,1,27,0,1,1994,1995,"1994.27.B.19.1",1,0,-0.392617079
"39",138,1995,0.89,2,27,0,1,1994,1995,"1994.27.A.9.1",1,0,0.360351807
"40",140,1995,0.76,2,27,1,1,1994,1997,"1994.27.A.7.A.1",3,0,-0.323043536
"41",140,1996,0.76,2,27,1,2,1994,1997,"1994.27.A.7.A.1",3,0,-0.323043536
"42",140,1997,0.76,2,27,0,3,1994,1997,"1994.27.A.7.A.1",3,0,-0.323043536
"43",141,1995,0.73,1,27,1,1,1994,1996,"1994.27.A.7.A.1",2,0,0.552324444
"44",141,1996,0.73,1,27,0,2,1994,1996,"1994.27.A.7.A.1",2,0,0.552324444
"45",144,1995,0.6,1,27,1,1,1994,2001,"1994.27.A.4.A.2",7,0,0.052324444
"46",144,1996,0.6,1,27,1,2,1994,2001,"1994.27.A.4.A.2",7,0,0.052324444
"47",144,1997,0.6,1,27,1,3,1994,2001,"1994.27.A.4.A.2",7,0,0.052324444
"48",144,1998,0.6,1,27,1,4,1994,2001,"1994.27.A.4.A.2",7,5,0.052324444
"49",144,1999,0.6,1,27,1,5,1994,2001,"1994.27.A.4.A.2",7,0,0.052324444
"50",144,2000,0.6,1,27,1,6,1994,2001,"1994.27.A.4.A.2",7,2,0.052324444
"51",144,2001,0.6,1,27,0,7,1994,2001,"1994.27.A.4.A.2",7,0,0.052324444
"52",148,1995,0.6,1,27,1,1,1994,1997,"1994.27.B.2.B.2",3,0,0.707382921
"53",148,1996,0.6,1,27,1,2,1994,1997,"1994.27.B.2.B.2",3,0,0.707382921
"54",148,1997,0.6,1,27,0,3,1994,1997,"1994.27.B.2.B.2",3,0,0.707382921
"55",153,1995,0.66,1,27,1,1,1994,1997,"1994.27.B.24.1",3,0,-0.51457256
"56",153,1996,0.66,1,27,1,2,1994,1997,"1994.27.B.24.1",3,4,-0.51457256
"57",153,1997,0.66,1,27,0,3,1994,1997,"1994.27.B.24.1",3,1,-0.51457256
"58",157,1995,0.66,2,27,1,1,1994,1996,"1994.27.A.33.B.1",2,0,1.549486549
"59",157,1996,0.66,2,27,0,2,1994,1996,"1994.27.A.33.B.1",2,0,1.549486549
"60",160,1995,0.74,1,27,1,1,1994,1999,"1994.27.A.5.A.1",5,0,2.246329735
"61",160,1996,0.74,1,27,1,2,1994,1999,"1994.27.A.5.A.1",5,0,2.246329735
"62",160,1997,0.74,1,27,1,3,1994,1999,"1994.27.A.5.A.1",5,1,2.246329735
"63",160,1998,0.74,1,27,1,4,1994,1999,"1994.27.A.5.A.1",5,0,2.246329735
"64",160,1999,0.74,1,27,0,5,1994,1999,"1994.27.A.5.A.1",5,0,2.246329735
"65",169,1996,1.39,1,27,0,1,1995,1996,"1995.27.B.2.B.2",1,0,0.398640048
"66",170,1996,1.41,2,27,1,1,1995,2000,"1995.27.B.2.B.2",5,0,-1.202141072
"67",170,1997,1.41,2,27,1,2,1995,2000,"1995.27.B.2.B.2",5,0,-1.202141072
"68",170,1998,1.41,2,27,1,3,1995,2000,"1995.27.B.2.B.2",5,0,-1.202141072
"69",170,1999,1.41,2,27,1,4,1995,2000,"1995.27.B.2.B.2",5,0,-1.202141072
"70",170,2000,1.41,2,27,0,5,1995,2000,"1995.27.B.2.B.2",5,0,-1.202141072
"71",174,1997,0.7,2,27,0,1,1996,1997,"1996.27.B.15.1",1,1,-1.15466825
"72",199,1996,1.16,2,27,0,1,1995,1996,"1995.27.A.1.A.1",1,0,0.634537996
"73",211,1996,1.61,2,27,0,1,1995,1996,"1995.27.B.17.1",1,1,-1.465462004
"74",223,1996,0.81,2,27,0,1,1995,1996,"1995.27.B.18.1",1,0,0.034537996
"75",254,1997,0.7,1,27,0,1,1996,1997,"1996.27.B.6.2",1,0,1.425310486
"76",257,1997,0.82,1,27,1,1,1996,1998,"1996.27.B.6.2",2,0,-1.174689514
"77",257,1998,0.82,1,27,0,2,1996,1998,"1996.27.B.6.2",2,0,-1.174689514
"78",258,1997,0.81,1,27,0,1,1996,1997,"1996.27.A.28.1",1,0,-0.674689514
"79",270,1997,1.14,2,27,0,1,1996,1997,"1996.27.A.28.1",1,0,1.04533175
"80",271,1997,0.87,2,27,0,1,1996,1997,"1996.27.A.5.1",1,4,1.497858928
"81",272,1997,0.9,1,27,1,1,1996,1999,"1996.27.A.5.1",3,0,1.398640048
"82",272,1998,0.9,1,27,1,2,1996,1999,"1996.27.A.5.1",3,0,1.398640048
"83",272,1999,0.9,1,27,0,3,1996,1999,"1996.27.A.5.1",3,0,1.398640048
"84",287,1997,0.92,1,27,1,1,1996,1999,"1996.27.A.46.1",3,4,0.93542744
"85",287,1998,0.92,1,27,1,2,1996,1999,"1996.27.A.46.1",3,1,0.93542744
"86",287,1999,0.92,1,27,0,3,1996,1999,"1996.27.A.46.1",3,0,0.93542744
"87",301,2008,0.98,2,27,1,1,2007,2010,"2007.27.A.40.A.3",3,0,2.019486549
"88",301,2009,0.98,2,27,1,2,2007,2010,"2007.27.A.40.A.3",3,1,2.019486549
"89",301,2010,0.98,2,27,0,3,2007,2010,"2007.27.A.40.A.3",3,3,2.019486549
"90",313,1999,1.06,2,27,1,1,1998,2000,"1998.27.A.14.A.1",2,0,-2.00726693
"91",313,2000,1.06,2,27,0,2,1998,2000,"1998.27.A.14.A.1",2,0,-2.00726693
"92",314,1999,1.61,1,27,0,1,1998,1999,"1998.27.B.9.A.1",1,1,0.879681922
"93",316,1999,1.01,1,27,1,1,1998,2000,"1998.27.B.9.A.1",2,0,0.379681922
"94",316,2000,1.01,1,27,0,2,1998,2000,"1998.27.B.9.A.1",2,2,0.379681922
"95",336,1998,0.66,2,27,0,1,1997,1998,"1997.27.A.14.A.1",1,0,-0.823258046
"96",357,1998,0.6,1,27,0,1,1997,1998,"1997.27.B.2.A.2",1,0,1.025310486
"97",358,1998,0.76,1,27,1,1,1997,1999,"1997.27.A.69.A.1",2,0,-1.253670265
"98",358,1999,0.76,1,27,0,2,1997,1999,"1997.27.A.69.A.1",2,0,-1.253670265
"99",362,1998,0.7,1,27,0,1,1997,1998,"1997.27.A.69.A.1",1,0,-0.453670265
"100",368,1998,1.57,2,27,1,1,1997,2000,"1997.27.A.13.A.2",3,0,1.260351807
"101",368,1999,1.57,2,27,1,2,1997,2000,"1997.27.A.13.A.2",3,1,1.260351807
"102",368,2000,1.57,2,27,0,3,1997,2000,"1997.27.A.13.A.2",3,0,1.260351807
"103",371,1998,0.7,1,27,0,1,1997,1998,"1997.27.B.98.A.1",1,0,1.646329735
"104",372,1998,0.73,2,27,0,1,1997,1998,"1997.27.B.98.A.1",1,1,2.555368956
"105",375,1998,0.76,1,27,0,1,1997,1998,"1997.27.B.3.A.2",1,0,0.125310486
"106",376,1998,0.74,1,27,1,1,1997,1999,"1997.27.B.3.A.2",2,0,0.925310486
"107",376,1999,0.74,1,27,0,2,1997,1999,"1997.27.B.3.A.2",2,2,0.925310486
"108",377,1998,0.72,2,27,0,1,1997,1998,"1997.27.B.3.A.2",1,0,-0.75466825
"109",381,1998,0.66,2,27,0,1,1997,1998,"1997.27.A.99.A.1",1,0,0.097858928
"110",385,1998,0.96,2,27,0,1,1997,1998,"1997.27.A.82.A.1",1,2,-0.165462004
"111",386,1998,1.05,2,27,0,1,1997,1998,"1997.27.A.82.A.1",1,2,0.034537996
"112",387,1998,0.9,2,27,1,1,1997,1999,"1997.27.A.82.A.1",2,1,1.034537996
"113",387,1999,0.9,2,27,0,2,1997,1999,"1997.27.A.82.A.1",2,1,1.034537996
"114",388,1998,1,2,27,1,1,1997,1999,"1997.27.A.82.A.1",2,0,-0.365462004
"115",388,1999,1,2,27,0,2,1997,1999,"1997.27.A.82.A.1",2,0,-0.365462004
"116",390,1998,0.87,2,27,0,1,1997,1998,"1997.27.A.73.A.1",1,0,0.176741954
"117",395,1998,1.64,1,27,0,1,1997,1998,"1997.27.B.75.A.1",1,1,0.279681922
"118",397,1998,1.67,1,27,1,1,1997,1999,"1997.27.B.25.A.1",2,0,-0.153670265
"119",397,1999,1.67,1,27,0,2,1997,1999,"1997.27.B.25.A.1",2,0,-0.153670265
"120",401,1998,0.78,1,27,1,1,1997,2000,"1997.27.A.15.A.2",3,1,0.225310486
"121",401,1999,0.78,1,27,1,2,1997,2000,"1997.27.A.15.A.2",3,0,0.225310486
"122",401,2000,0.78,1,27,0,3,1997,2000,"1997.27.A.15.A.2",3,2,0.225310486
"123",404,1998,0.97,1,27,0,1,1997,1998,"1997.27.A.14.A.2",1,0,0.825310486
"124",405,1998,1.32,1,27,0,1,1997,1998,"1997.27.A.14.A.2",1,0,1.025310486
"125",414,1999,0.93,1,27,1,1,1998,2000,"1998.27.A.22.A.1",2,0,-0.127686869
"126",414,2000,0.93,1,27,0,2,1998,2000,"1998.27.A.22.A.1",2,0,-0.127686869
"127",420,1999,0.68,1,27,1,1,1998,2000,"1998.27.A.30.A.1",2,0,-0.601359952
"128",420,2000,0.68,1,27,0,2,1998,2000,"1998.27.A.30.A.1",2,0,-0.601359952
"129",425,1999,0.96,1,27,0,1,1998,1999,"1998.27.B.38.A.1",1,0,1.698640048
"130",428,1999,0.7,1,27,0,1,1998,1999,"1998.27.B.38.A.1",1,0,1.798640048
"131",436,1999,0.86,1,27,0,1,1998,1999,"1998.27.A.43.A.1",1,0,0.252324444
"132",438,1999,0.97,2,27,0,1,1998,1999,"1998.27.B.3.A.2",1,0,0.94533175
"133",439,1999,0.92,2,27,1,1,1998,2000,"1998.27.B.3.A.2",2,0,0.54533175
"134",439,2000,0.92,2,27,0,2,1998,2000,"1998.27.B.3.A.2",2,0,0.54533175
"135",441,1999,0.66,2,27,0,1,1998,1999,"1998.27.B.5.A.2",1,0,1.334537996
"136",445,1999,0.65,1,27,0,1,1998,1999,"1998.27.B.23.A.2",1,0,2.346329735
"137",447,1999,0.72,2,27,1,1,1998,2000,"1998.27.B.23.A.2",2,0,1.455368956
"138",447,2000,0.72,2,27,0,2,1998,2000,"1998.27.B.23.A.2",2,0,1.455368956
"139",452,1999,0.7,1,27,1,1,1998,2007,"1998.27.B.25.A.2",9,0,2.725310486
"140",452,2000,0.7,1,27,1,2,1998,2007,"1998.27.B.25.A.2",9,3,2.725310486
"141",452,2001,0.7,1,27,1,3,1998,2007,"1998.27.B.25.A.2",9,0,2.725310486
"142",452,2002,0.7,1,27,1,4,1998,2007,"1998.27.B.25.A.2",9,5,2.725310486
"143",452,2003,0.7,1,27,1,5,1998,2007,"1998.27.B.25.A.2",9,1,2.725310486
"144",452,2004,0.7,1,27,1,6,1998,2007,"1998.27.B.25.A.2",9,1,2.725310486
"145",452,2005,0.7,1,27,1,7,1998,2007,"1998.27.B.25.A.2",9,0,2.725310486
"146",452,2006,0.7,1,27,1,8,1998,2007,"1998.27.B.25.A.2",9,0,2.725310486
"147",452,2007,0.7,1,27,0,9,1998,2007,"1998.27.B.25.A.2",9,1,2.725310486
"148",454,1999,0.62,2,27,0,1,1998,1999,"1998.27.B.25.A.2",1,0,0.54533175
"149",462,1999,0.69,1,27,0,1,1998,1999,"1998.27.B.41.B.1",1,0,0.852324444
"150",468,1999,0.585,1,27,0,1,1998,1999,"1998.27.B.52.A.1",1,0,-0.674689514
"151",470,1999,0.77,2,27,0,1,1998,1999,"1998.27.A.15.A.3",1,0,-1.302141072
"152",472,1999,0.63,1,27,0,1,1998,1999,"1998.27.B.51.A.1",1,0,0.052324444
"153",477,1999,0.86,1,27,1,1,1998,2000,"1998.27.B.26.A.2",2,0,-0.827686869
"154",477,2000,0.86,1,27,0,2,1998,2000,"1998.27.B.26.A.2",2,1,-0.827686869
"155",481,1999,0.8,1,27,0,1,1998,1999,"1998.27.B.35.A.2",1,1,0.552324444
"156",482,1999,0.68,2,27,1,1,1998,2001,"1998.27.B.35.A.2",3,0,0.776956464
"157",482,2000,0.68,2,27,1,2,1998,2001,"1998.27.B.35.A.2",3,1,0.776956464
"158",482,2001,0.68,2,27,0,3,1998,2001,"1998.27.B.35.A.2",3,1,0.776956464
"159",483,1999,0.68,2,27,0,1,1998,1999,"1998.27.B.35.A.2",1,0,0.276956464
"160",485,1999,0.64,2,27,0,1,1998,1999,"1998.27.A.28.A.2",1,0,-0.25466825
"161",487,2000,0.86,1,27,1,1,1999,2001,"1999.27.A.31.A.1",2,0,-0.327686869
"162",487,2001,0.86,1,27,0,2,1999,2001,"1999.27.A.31.A.1",2,0,-0.327686869
"163",498,2000,0.87,1,27,0,1,1999,2000,"1999.27.B.39.A.1",1,0,-0.020318078
"164",499,2000,1.06,2,27,1,1,1999,2001,"1999.27.B.23.A.2",2,0,1.076956464
"165",499,2001,1.06,2,27,0,2,1999,2001,"1999.27.B.23.A.2",2,0,1.076956464
"166",500,2000,1.4,2,27,1,1,1999,2003,"1999.27.B.23.A.2",4,0,1.176956464
"167",500,2001,1.4,2,27,1,2,1999,2003,"1999.27.B.23.A.2",4,0,1.176956464
"168",500,2002,1.4,2,27,1,3,1999,2003,"1999.27.B.23.A.2",4,0,1.176956464
"169",500,2003,1.4,2,27,0,4,1999,2003,"1999.27.B.23.A.2",4,0,1.176956464
"170",501,2000,1.13,2,27,1,1,1999,2002,"1999.27.B.23.A.2",3,0,0.676956464
"171",501,2001,1.13,2,27,1,2,1999,2002,"1999.27.B.23.A.2",3,0,0.676956464
"172",501,2002,1.13,2,27,0,3,1999,2002,"1999.27.B.23.A.2",3,0,0.676956464
"173",502,2000,1.03,2,27,0,1,1999,2000,"1999.27.B.41.A.1",1,0,1.134537996
"174",507,2000,0.81,1,27,0,1,1999,2000,"1999.27.B.47.A.1",1,0,-1.474689514
"175",511,2000,1.02,2,27,0,1,1999,2000,"1999.27.B.45.A.1",1,0,-1.402141072
"176",514,2000,1.05,1,27,1,1,1999,2001,"1999.27.A.31.A.2",2,0,-1.274689514
"177",514,2001,1.05,1,27,0,2,1999,2001,"1999.27.A.31.A.2",2,0,-1.274689514
"178",538,2000,0.86,2,27,0,1,1999,2000,"1999.27.B.90.A.1",1,0,-0.30726693
"179",544,2001,1.37,1,27,1,1,2000,2002,"2000.27.B.20.A.1",2,0,0.798640048
"180",544,2002,1.37,1,27,0,2,2000,2002,"2000.27.B.20.A.1",2,0,0.798640048
"181",545,2001,1.01,1,27,0,1,2000,2001,"2000.27.B.21.A.1",1,1,-1.474689514
"182",548,2001,1.14,2,27,1,1,2000,2002,"2000.27.A.17.A.1",2,0,1.14533175
"183",548,2002,1.14,2,27,0,2,2000,2002,"2000.27.A.17.A.1",2,1,1.14533175
"184",549,2001,1.26,2,27,0,1,2000,2001,"2000.27.A.17.A.1",1,0,0.44533175
"185",552,2001,1.05,2,27,0,1,2000,2001,"2000.27.B.43.A.1",1,0,0.476956464
"186",573,2002,1.07,1,27,1,1,2001,2003,"2001.27.B.91.A.1",2,0,1.198640048
"187",573,2003,1.07,1,27,0,2,2001,2003,"2001.27.B.91.A.1",2,0,1.198640048
"188",576,2002,1.24,1,27,1,1,2001,2003,"2001.27.B.91.A.1",2,1,1.398640048
"189",576,2003,1.24,1,27,0,2,2001,2003,"2001.27.B.91.A.1",2,0,1.398640048
"190",586,2001,0.91,2,27,1,1,2000,2004,"2000.27.B.7.A.2",4,0,-1.002141072
"191",586,2002,0.91,2,27,1,2,2000,2004,"2000.27.B.7.A.2",4,0,-1.002141072
"192",586,2003,0.91,2,27,1,3,2000,2004,"2000.27.B.7.A.2",4,0,-1.002141072
"193",586,2004,0.91,2,27,0,4,2000,2004,"2000.27.B.7.A.2",4,0,-1.002141072
"194",590,2001,0.87,1,27,0,1,2000,2001,"2000.27.A.53.A.2",1,1,0.952324444
"195",606,2001,0.76,2,27,1,1,2000,2002,"2000.27.A.24.A.2",2,0,2.476956464
"196",606,2002,0.76,2,27,0,2,2000,2002,"2000.27.A.24.A.2",2,0,2.476956464
"197",607,2001,0.74,2,27,0,1,2000,2001,"2000.27.A.24.A.2",1,0,1.076956464
"198",612,2001,1.15,1,27,0,1,2000,2001,"2000.27.A.1.A.1",1,0,1.025310486
"199",618,2001,0.82,2,27,1,1,2000,2003,"2000.27.A.23.A.2",3,1,-1.344631044
"200",618,2002,0.82,2,27,1,2,2000,2003,"2000.27.A.23.A.2",3,1,-1.344631044
"201",618,2003,0.82,2,27,0,3,2000,2003,"2000.27.A.23.A.2",3,0,-1.344631044
"202",619,2001,0.9,2,27,1,1,2000,2003,"2000.27.A.23.A.2",3,0,-1.344631044
"203",619,2002,0.9,2,27,1,2,2000,2003,"2000.27.A.23.A.2",3,2,-1.344631044
"204",619,2003,0.9,2,27,0,3,2000,2003,"2000.27.A.23.A.2",3,2,-1.344631044
"205",620,2001,0.81,2,27,1,1,2000,2002,"2000.27.B.37.A.2",2,0,2.634537996
"206",620,2002,0.81,2,27,0,2,2000,2002,"2000.27.B.37.A.2",2,0,2.634537996
"207",646,2008,0.97,2,27,0,1,2007,2008,"2007.27.B.394.A.2",1,0,1.966956464
"208",647,2008,0.74,2,27,0,1,2007,2008,"2007.27.B.246.A.1",1,2,2.437858928
"209",671,2002,0.63,2,27,1,1,2001,2005,"2001.27.A.1.A.3",4,1,1.29273307
"210",671,2003,0.63,2,27,1,2,2001,2005,"2001.27.A.1.A.3",4,1,1.29273307
"211",671,2004,0.63,2,27,1,3,2001,2005,"2001.27.A.1.A.3",4,3,1.29273307
"212",671,2005,0.63,2,27,0,4,2001,2005,"2001.27.A.1.A.3",4,3,1.29273307
"213",673,2002,0.92,1,27,0,1,2001,2002,"2001.27.B.84.A.2",1,0,0.925310486
"214",675,2002,0.72,2,27,1,1,2001,2010,"2001.27.B.20.A.1",9,0,-0.023043536
"215",675,2003,0.72,2,27,1,2,2001,2010,"2001.27.B.20.A.1",9,1,-0.023043536
"216",675,2004,0.72,2,27,1,3,2001,2010,"2001.27.B.20.A.1",9,0,-0.023043536
"217",675,2005,0.72,2,27,1,4,2001,2010,"2001.27.B.20.A.1",9,0,-0.023043536
"218",675,2006,0.72,2,27,1,5,2001,2010,"2001.27.B.20.A.1",9,4,-0.023043536
"219",675,2007,0.72,2,27,1,6,2001,2010,"2001.27.B.20.A.1",9,2,-0.023043536
"220",675,2008,0.72,2,27,1,7,2001,2010,"2001.27.B.20.A.1",9,0,-0.023043536
"221",675,2009,0.72,2,27,1,8,2001,2010,"2001.27.B.20.A.1",9,0,-0.023043536
"222",675,2010,0.72,2,27,0,9,2001,2010,"2001.27.B.20.A.1",9,0,-0.023043536
"223",687,2003,1.15,1,27,0,1,2002,2003,"2002.27.A.145.A.1",1,0,-0.747675556
"224",689,2003,1.14,2,27,1,1,2002,2004,"2002.27.A.40.A.1",2,3,0.706956464
"225",689,2004,1.14,2,27,0,2,2002,2004,"2002.27.A.40.A.1",2,3,0.706956464
"226",698,2003,0.77,1,27,1,1,2002,2005,"2002.27.A.205.A.1",3,2,-0.827686869
"227",698,2004,0.77,1,27,1,2,2002,2005,"2002.27.A.205.A.1",3,2,-0.827686869
"228",698,2005,0.77,1,27,0,3,2002,2005,"2002.27.A.205.A.1",3,0,-0.827686869
"229",722,2003,0.79,1,27,1,1,2002,2006,"2002.27.B.203.A.1",4,0,1.607382921
"230",722,2004,0.79,1,27,1,2,2002,2006,"2002.27.B.203.A.1",4,0,1.607382921
"231",722,2005,0.79,1,27,1,3,2002,2006,"2002.27.B.203.A.1",4,1,1.607382921
"232",722,2006,0.79,1,27,0,4,2002,2006,"2002.27.B.203.A.1",4,0,1.607382921
"233",729,2003,1,1,27,0,1,2002,2003,"2002.27.B.7.A.1",1,0,1.828640048
"234",737,2003,0.81,2,27,0,1,2002,2003,"2002.27.B.200.A.2",1,0,-1.607338434
"235",740,2003,1.08,2,27,0,1,2002,2003,"2002.27.A.35.A.1",1,0,2.197858928
"236",743,2003,0.71,1,27,1,1,2002,2004,"2002.27.A.207.A.2",2,2,2.608640048
"237",743,2004,0.71,1,27,0,2,2002,2004,"2002.27.A.207.A.2",2,1,2.608640048
"238",746,2003,0.9,2,27,1,1,2002,2007,"2002.27.A.207.A.2",5,0,2.297858928
"239",746,2004,0.9,2,27,1,2,2002,2007,"2002.27.A.207.A.2",5,1,2.297858928
"240",746,2005,0.9,2,27,1,3,2002,2007,"2002.27.A.207.A.2",5,0,2.297858928
"241",746,2006,0.9,2,27,1,4,2002,2007,"2002.27.A.207.A.2",5,1,2.297858928
"242",746,2007,0.9,2,27,0,5,2002,2007,"2002.27.A.207.A.2",5,2,2.297858928
"243",748,2003,1.16,1,27,1,1,2002,2004,"2002.27.A.40.A.3",2,1,1.648640048
"244",748,2004,1.16,1,27,0,2,2002,2004,"2002.27.A.40.A.3",2,0,1.648640048
"245",752,2003,1.02,1,27,0,1,2002,2003,"2002.27.A.207.A.3",1,1,0.562313131
"246",755,2003,0.98,2,27,0,1,2002,2003,"2002.27.B.501.A.1",1,0,1.69533175
"247",756,2003,0.71,1,27,0,1,2002,2003,"2002.27.B.501.A.1",1,0,1.675310486
"248",760,2003,0.79,1,27,1,1,2002,2005,"2002.27.B.7.A.2",3,0,0.748640048
"249",760,2004,0.79,1,27,1,2,2002,2005,"2002.27.B.7.A.2",3,3,0.748640048
"250",760,2005,0.79,1,27,0,3,2002,2005,"2002.27.B.7.A.2",3,0,0.748640048
"251",761,2003,1,1,27,1,1,2002,2004,"2002.27.A.703.A.1",2,0,0.929681922
"252",761,2004,1,1,27,0,2,2002,2004,"2002.27.A.703.A.1",2,3,0.929681922
"253",762,2003,1.04,1,27,0,1,2002,2003,"2002.27.A.703.A.1",1,1,1.209681922
"254",763,2003,0.95,1,27,0,1,2002,2003,"2002.27.A.703.A.1",1,1,-0.200318078
"255",766,2003,1.2,1,27,0,1,2002,2003,"2002.27.B.203.A.3",1,0,2.378640048
"256",768,2003,0.94,1,27,0,1,2002,2003,"2002.27.B.203.A.3",1,0,1.808640048
"257",770,2003,0.87,2,27,1,1,2002,2005,"2002.27.B.213.A.2",3,1,1.976956464
"258",770,2004,0.87,2,27,1,2,2002,2005,"2002.27.B.213.A.2",3,3,1.976956464
"259",770,2005,0.87,2,27,0,3,2002,2005,"2002.27.B.213.A.2",3,0,1.976956464
"260",772,2003,0.89,2,27,1,1,2002,2004,"2002.27.B.213.A.2",2,1,1.566956464
"261",772,2004,0.89,2,27,0,2,2002,2004,"2002.27.B.213.A.2",2,5,1.566956464
"262",777,2004,1.14,2,27,1,1,2003,2008,"2003.27.B.230.A.1",5,0,1.884537996
"263",777,2005,1.14,2,27,1,2,2003,2008,"2003.27.B.230.A.1",5,0,1.884537996
"264",777,2006,1.14,2,27,1,3,2003,2008,"2003.27.B.230.A.1",5,2,1.884537996
"265",777,2007,1.14,2,27,1,4,2003,2008,"2003.27.B.230.A.1",5,2,1.884537996
"266",777,2008,1.14,2,27,0,5,2003,2008,"2003.27.B.230.A.1",5,2,1.884537996
"267",791,2004,1.1,2,27,1,1,2003,2005,"2003.27.B.3.A.2",2,0,1.807858928
"268",791,2005,1.1,2,27,0,2,2003,2005,"2003.27.B.3.A.2",2,0,1.807858928
"269",796,2004,0.99,1,27,0,1,2003,2004,"2003.27.B.204.A.2",1,0,1.618640048
"270",797,2004,0.74,2,27,0,1,2003,2004,"2003.27.B.204.A.2",1,1,0.947858928
"271",800,2004,1.47,1,27,0,1,2003,2004,"2003.27.B.215.A.2",1,0,0.025310486
"272",801,2004,0.83,1,27,1,1,2003,2006,"2003.27.B.215.A.2",3,2,0.125310486
"273",801,2005,0.83,1,27,1,2,2003,2006,"2003.27.B.215.A.2",3,1,0.125310486
"274",801,2006,0.83,1,27,0,3,2003,2006,"2003.27.B.215.A.2",3,1,0.125310486
"275",811,2004,0.8,1,27,1,1,2003,2005,"2003.27.B.204.A.1",2,2,0.802324444
"276",811,2005,0.8,1,27,0,2,2003,2005,"2003.27.B.204.A.1",2,1,0.802324444
"277",826,2004,0.83,2,27,0,1,2003,2004,"2003.27.B.216.A.1",1,0,-0.323043536
"278",831,2004,0.92,2,27,1,1,2003,2005,"2003.27.B.7.A.1",2,0,1.04533175
"279",831,2005,0.92,2,27,0,2,2003,2005,"2003.27.B.7.A.1",2,0,1.04533175
"280",852,2004,0.79,2,27,1,1,2003,2005,"2003.27.B.550.A.1",2,1,1.24273307
"281",852,2005,0.79,2,27,0,2,2003,2005,"2003.27.B.550.A.1",2,0,1.24273307
"282",854,2004,1.15,2,27,0,1,2003,2004,"2003.27.B.550.A.1",1,0,0.91273307
"283",857,2005,0.99,1,27,1,1,2004,2006,"2004.27.B.26.A.2",2,0,1.207382921
"284",857,2006,0.99,1,27,0,2,2004,2006,"2004.27.B.26.A.2",2,0,1.207382921
"285",868,2005,0.72,2,27,1,1,2004,2007,"2004.27.A.184.A.1",3,0,0.79273307
"286",868,2006,0.72,2,27,1,2,2004,2007,"2004.27.A.184.A.1",3,0,0.79273307
"287",868,2007,0.72,2,27,0,3,2004,2007,"2004.27.A.184.A.1",3,0,0.79273307
"288",872,2005,0.88,2,27,0,1,2004,2005,"2004.27.B.182.A.1",1,1,-0.723043536
"289",873,2005,0.93,2,27,0,1,2004,2005,"2004.27.B.113.A.3",1,0,1.976956464
"290",874,2005,0.86,2,27,0,1,2004,2005,"2004.27.B.113.A.3",1,0,1.776956464
"291",882,2005,0.69,2,27,0,1,2004,2005,"2004.27.B.114.A.3",1,0,1.034537996
"292",885,2005,1.12,1,23,1,1,2004,2007,"2004.23.A.505.A.2",3,0,1.312154505
"293",885,2006,1.12,1,23,1,2,2004,2007,"2004.23.A.505.A.2",3,0,1.312154505
"294",885,2007,1.12,1,23,0,3,2004,2007,"2004.23.A.505.A.2",3,0,1.312154505
"295",891,2005,1.03,1,23,0,1,2004,2005,"2004.23.A.111.A.1",1,0,1.343824005
"296",901,2005,0.82,1,27,0,1,2004,2005,"2004.27.B.4.A.2",1,0,0.672313131
"297",902,2005,0.89,1,27,1,1,2004,2007,"2004.27.B.4.A.2",3,4,1.872313131
"298",902,2006,0.89,1,27,1,2,2004,2007,"2004.27.B.4.A.2",3,1,1.872313131
"299",902,2007,0.89,1,27,0,3,2004,2007,"2004.27.B.4.A.2",3,3,1.872313131
"300",903,2005,0.81,1,27,1,1,2004,2007,"2004.27.B.4.A.2",3,1,1.322313131
"301",903,2006,0.81,1,27,1,2,2004,2007,"2004.27.B.4.A.2",3,0,1.322313131
"302",903,2007,0.81,1,27,0,3,2004,2007,"2004.27.B.4.A.2",3,2,1.322313131
"303",906,2005,0.84,1,27,1,1,2004,2007,"2004.27.B.114.A.2",3,0,1.986329735
"304",906,2006,0.84,1,27,1,2,2004,2007,"2004.27.B.114.A.2",3,0,1.986329735
"305",906,2007,0.84,1,27,0,3,2004,2007,"2004.27.B.114.A.2",3,1,1.986329735
"306",907,2005,1.02,2,27,0,1,2004,2005,"2004.27.B.114.A.2",1,0,2.555368956
"307",910,2005,1,2,27,0,1,2004,2005,"2004.27.B.114.A.2",1,0,1.985368956
"308",912,2005,0.76,2,27,0,1,2004,2005,"2004.27.A.40.A.2",1,0,1.89273307
"309",922,2005,0.94,2,27,1,1,2004,2007,"2004.27.B.121.A.2",3,2,0.752661566
"310",922,2006,0.94,2,27,1,2,2004,2007,"2004.27.B.121.A.2",3,1,0.752661566
"311",922,2007,0.94,2,27,0,3,2004,2007,"2004.27.B.121.A.2",3,0,0.752661566
"312",924,2005,0.77,1,27,0,1,2004,2005,"2004.27.B.181.A.1",1,0,0.829681922
"313",930,2005,0.79,1,27,1,1,2004,2007,"2004.27.B.47.A.3",3,0,1.232313131
"314",930,2006,0.79,1,27,1,2,2004,2007,"2004.27.B.47.A.3",3,0,1.232313131
"315",930,2007,0.79,1,27,0,3,2004,2007,"2004.27.B.47.A.3",3,0,1.232313131
"316",933,2005,0.86,2,23,0,1,2004,2005,"2004.23.A.507.A.2",1,0,-1.189075448
"317",934,2005,1.15,2,23,0,1,2004,2005,"2004.23.A.507.A.2",1,0,-0.989075448
"318",936,2005,0.85,2,23,0,1,2004,2005,"2004.23.A.517.A.1",1,1,0.148664045
"319",938,2005,0.91,2,23,1,1,2004,2009,"2004.23.A.100.A.1",5,0,0.810069768
"320",938,2006,0.91,2,23,1,2,2004,2009,"2004.23.A.100.A.1",5,0,0.810069768
"321",938,2007,0.91,2,23,1,3,2004,2009,"2004.23.A.100.A.1",5,0,0.810069768
"322",938,2008,0.91,2,23,1,4,2004,2009,"2004.23.A.100.A.1",5,0,0.810069768
"323",938,2009,0.91,2,23,0,5,2004,2009,"2004.23.A.100.A.1",5,0,0.810069768
"324",952,2005,0.88,2,23,1,1,2004,2007,"2004.23.A.491.A.1",3,1,-0.151335955
"325",952,2006,0.88,2,23,1,2,2004,2007,"2004.23.A.491.A.1",3,3,-0.151335955
"326",952,2007,0.88,2,23,0,3,2004,2007,"2004.23.A.491.A.1",3,1,-0.151335955
"327",953,2005,0.8,1,23,0,1,2004,2005,"2004.23.A.491.A.1",1,0,-0.085625321
"328",954,2005,0.83,2,23,0,1,2004,2005,"2004.23.A.491.A.1",1,0,-0.651335955
"329",960,2005,0.79,2,27,1,1,2004,2007,"2004.27.B.717.A.1",3,0,0.134537996
"330",960,2006,0.79,2,27,1,2,2004,2007,"2004.27.B.717.A.1",3,0,0.134537996
"331",960,2007,0.79,2,27,0,3,2004,2007,"2004.27.B.717.A.1",3,1,0.134537996
"332",961,2005,0.93,2,27,0,1,2004,2005,"2004.27.B.717.A.1",1,0,2.434537996
"333",962,2005,0.96,2,27,1,1,2004,2006,"2004.27.B.717.A.1",2,0,1.234537996
"334",962,2006,0.96,2,27,0,2,2004,2006,"2004.27.B.717.A.1",2,0,1.234537996
"335",966,2004,0.67,1,27,0,1,2003,2004,"2003.27.B.87.A.2",1,5,-0.117675556
"336",971,2004,0.82,2,27,1,1,2003,2005,"2003.27.B.400.A.3",2,1,0.28533175
"337",971,2005,0.82,2,27,0,2,2003,2005,"2003.27.B.400.A.3",2,1,0.28533175
"338",972,2004,1.16,2,27,1,1,2003,2005,"2003.27.B.400.A.3",2,0,-2.64466825
"339",972,2005,1.16,2,27,0,2,2003,2005,"2003.27.B.400.A.3",2,0,-2.64466825
"340",973,2004,0.86,1,27,1,1,2003,2006,"2003.27.B.400.A.3",3,0,2.055310486
"341",973,2005,0.86,1,27,1,2,2003,2006,"2003.27.B.400.A.3",3,0,2.055310486
"342",973,2006,0.86,1,27,0,3,2003,2006,"2003.27.B.400.A.3",3,0,2.055310486
"343",990,2005,0.94,1,27,1,1,2004,2006,"2004.27.B.112.A.1",2,0,-1.727686869
"344",990,2006,0.94,1,27,0,2,2004,2006,"2004.27.B.112.A.1",2,2,-1.727686869
"345",992,2005,1.05,2,27,1,1,2004,2007,"2004.27.A.40.A.1",3,0,-1.902141072
"346",992,2006,1.05,2,27,1,2,2004,2007,"2004.27.A.40.A.1",3,0,-1.902141072
"347",992,2007,1.05,2,27,0,3,2004,2007,"2004.27.A.40.A.1",3,0,-1.902141072
"348",1003,2005,1.21,1,23,0,1,2004,2005,"2004.23.A.497.A.1",1,0,-3.048964321
"349",1016,2005,1.01,1,23,0,1,2004,2005,"2004.23.A.4.A.1",1,1,-0.387845495
"350",1021,2006,0.91,1,23,0,1,2005,2006,"2005.23.A.516.A.1",1,2,0.689750613
"351",1022,2006,1.06,1,23,0,1,2005,2006,"2005.23.A.516.A.1",1,0,-0.540249387
"352",1026,2006,1,2,23,1,1,2005,2007,"2005.23.A.33.A.1",2,0,0.260069768
"353",1026,2007,1,2,23,0,2,2005,2007,"2005.23.A.33.A.1",2,0,0.260069768
"354",1040,2005,1.07,2,23,1,1,2004,2007,"2004.23.A.518.A.1",3,0,-1.731933973
"355",1040,2006,1.07,2,23,1,2,2004,2007,"2004.23.A.518.A.1",3,0,-1.731933973
"356",1040,2007,1.07,2,23,0,3,2004,2007,"2004.23.A.518.A.1",3,0,-1.731933973
"357",1053,2005,0.72,2,27,1,1,2004,2007,"2004.27.A.75.A.1",3,0,1.176956464
"358",1053,2006,0.72,2,27,1,2,2004,2007,"2004.27.A.75.A.1",3,1,1.176956464
"359",1053,2007,0.72,2,27,0,3,2004,2007,"2004.27.A.75.A.1",3,1,1.176956464
"360",1055,2005,0.68,1,27,0,1,2004,2005,"2004.27.A.75.A.1",1,1,1.352324444
"361",1062,2005,0.86,2,27,0,1,2004,2005,"2004.27.B.123.A.1",1,0,-1.993043536
"362",1065,2005,1.34,1,27,1,1,2004,2008,"2004.27.B.102.A.1",4,3,0.232324444
"363",1065,2006,1.34,1,27,1,2,2004,2008,"2004.27.B.102.A.1",4,2,0.232324444
"364",1065,2007,1.34,1,27,1,3,2004,2008,"2004.27.B.102.A.1",4,0,0.232324444
"365",1065,2008,1.34,1,27,0,4,2004,2008,"2004.27.B.102.A.1",4,2,0.232324444
"366",1071,2006,0.84,1,23,1,1,2005,2011,"2005.23.A.593.A.1",6,0,0.893824005
"367",1071,2007,0.84,1,23,1,2,2005,2011,"2005.23.A.593.A.1",6,0,0.893824005
"368",1071,2008,0.84,1,23,1,3,2005,2011,"2005.23.A.593.A.1",6,1,0.893824005
"369",1071,2009,0.84,1,23,1,4,2005,2011,"2005.23.A.593.A.1",6,0,0.893824005
"370",1071,2010,0.84,1,23,1,5,2005,2011,"2005.23.A.593.A.1",6,2,0.893824005
"371",1071,2011,0.84,1,23,0,6,2005,2011,"2005.23.A.593.A.1",6,2,0.893824005
"372",1089,2006,0.91,1,23,0,1,2005,2006,"2005.23.A.507.A.1",1,1,0.056394136
"373",1097,2006,1.06,1,27,1,1,2005,2007,"2005.27.B.124.A.1",2,0,0.798640048
"374",1097,2007,1.06,1,27,0,2,2005,2007,"2005.27.B.124.A.1",2,1,0.798640048
"375",1130,2006,0.79,1,23,1,1,2005,2007,"2005.23.A.495.A.2",2,2,0.086394136
"376",1130,2007,0.79,1,23,0,2,2005,2007,"2005.23.A.495.A.2",2,0,0.086394136
"377",1137,2006,0.8,2,23,0,1,2005,2006,"2005.23.A.512.A.2",1,1,-0.013064226
"378",1141,2006,0.81,1,23,1,1,2005,2007,"2005.23.A.502.C.2",2,0,1.912154505
"379",1141,2007,0.81,1,23,0,2,2005,2007,"2005.23.A.502.C.2",2,0,1.912154505
"380",1173,2008,0.89,2,23,0,1,2007,2008,"2007.23.A.8.A.2",1,0,-0.123064226
"381",1201,2008,0.85,1,23,1,1,2007,2011,"2007.23.A.93.A.3",4,0,0.961035679
"382",1201,2009,0.85,1,23,1,2,2007,2011,"2007.23.A.93.A.3",4,0,0.961035679
"383",1201,2010,0.85,1,23,1,3,2007,2011,"2007.23.A.93.A.3",4,4,0.961035679
"384",1201,2011,0.85,1,23,0,4,2007,2011,"2007.23.A.93.A.3",4,1,0.961035679
"385",1202,2008,1.02,1,23,0,1,2007,2008,"2007.23.A.93.A.3",1,0,0.311035679
"386",1206,2008,0.89,2,23,1,1,2007,2011,"2007.23.A.111.A.3",4,0,1.510924552
"387",1206,2009,0.89,2,23,1,2,2007,2011,"2007.23.A.111.A.3",4,0,1.510924552
"388",1206,2010,0.89,2,23,1,3,2007,2011,"2007.23.A.111.A.3",4,0,1.510924552
"389",1206,2011,0.89,2,23,0,4,2007,2011,"2007.23.A.111.A.3",4,0,1.510924552
"390",1236,2008,0.72,1,27,0,1,2007,2008,"2007.27.B.313.A.1",1,1,0.542324444
"391",1240,2008,1.05,1,27,1,1,2007,2012,"2007.27.B.401.A.1",5,0,1.418640048
"392",1240,2009,1.05,1,27,1,2,2007,2012,"2007.27.B.401.A.1",5,0,1.418640048
"393",1240,2010,1.05,1,27,1,3,2007,2012,"2007.27.B.401.A.1",5,1,1.418640048
"394",1240,2011,1.05,1,27,1,4,2007,2012,"2007.27.B.401.A.1",5,0,1.418640048
"395",1240,2012,1.05,1,27,0,5,2007,2012,"2007.27.B.401.A.1",5,3,1.418640048
"396",1258,2008,0.81,1,27,1,1,2007,2010,"2007.27.B.306.A.1",3,0,1.812324444
"397",1258,2009,0.81,1,27,1,2,2007,2010,"2007.27.B.306.A.1",3,1,1.812324444
"398",1258,2010,0.81,1,27,0,3,2007,2010,"2007.27.B.306.A.1",3,1,1.812324444
"399",1264,2008,0.88,2,27,0,1,2007,2008,"2007.27.B.258.A.1",1,0,2.677858928
"400",1271,2009,1.01,1,23,0,1,2008,2009,"2008.23.A.111.A.1",1,1,-1.251770124
"401",1296,2009,0.94,2,27,1,1,2008,2011,"2008.27.A.40.A.2",3,0,0.396956464
"402",1296,2010,0.94,2,27,1,2,2008,2011,"2008.27.A.40.A.2",3,3,0.396956464
"403",1296,2011,0.94,2,27,0,3,2008,2011,"2008.27.A.40.A.2",3,0,0.396956464
"404",1308,2006,0.84,1,27,0,1,2005,2006,"2005.27.B.124.A.2",1,0,1.327382921
"405",1318,2006,1.21,1,27,1,1,2005,2007,"2005.27.B.303.A.3",2,1,0.852324444
"406",1318,2007,1.21,1,27,0,2,2005,2007,"2005.27.B.303.A.3",2,0,0.852324444
"407",1330,2006,0.71,1,27,1,1,2005,2010,"2005.27.A.40.A.2",5,0,2.835310486
"408",1330,2007,0.71,1,27,1,2,2005,2010,"2005.27.A.40.A.2",5,0,2.835310486
"409",1330,2008,0.71,1,27,1,3,2005,2010,"2005.27.A.40.A.2",5,2,2.835310486
"410",1330,2009,0.71,1,27,1,4,2005,2010,"2005.27.A.40.A.2",5,1,2.835310486
"411",1330,2010,0.71,1,27,0,5,2005,2010,"2005.27.A.40.A.2",5,1,2.835310486
"412",1332,2006,0.84,1,27,1,1,2005,2008,"2005.27.A.40.A.2",3,0,1.185310486
"413",1332,2007,0.84,1,27,1,2,2005,2008,"2005.27.A.40.A.2",3,0,1.185310486
"414",1332,2008,0.84,1,27,0,3,2005,2008,"2005.27.A.40.A.2",3,0,1.185310486
"415",1333,2006,1.34,2,23,1,1,2005,2007,"2005.23.A.80.A.2",2,0,-0.448771603
"416",1333,2007,1.34,2,23,0,2,2005,2007,"2005.23.A.80.A.2",2,0,-0.448771603
"417",1340,2006,1,2,23,1,1,2005,2007,"2005.23.A.66.A.2",2,0,1.308664045
"418",1340,2007,1,2,23,0,2,2005,2007,"2005.23.A.66.A.2",2,0,1.308664045
"419",1343,2006,0.56,1,23,0,1,2005,2006,"2005.23.A.81.A.1",1,0,-0.248964321
"420",1350,2006,1.06,1,27,0,1,2005,2006,"2005.27.B.124.A.2",1,1,1.552313131
"421",1363,2006,0.98,1,23,1,1,2005,2008,"2005.23.A.33.A.2",3,0,0.151035679
"422",1363,2007,0.98,1,23,1,2,2005,2008,"2005.23.A.33.A.2",3,0,0.151035679
"423",1363,2008,0.98,1,23,0,3,2005,2008,"2005.23.A.33.A.2",3,0,0.151035679
"424",1370,2006,0.93,2,27,0,1,2005,2006,"2005.27.B.215.A.1",1,0,0.834537996
"425",1396,2007,0.84,1,23,1,1,2006,2011,"2006.23.A.93.A.2",5,0,1.152154505
"426",1396,2008,0.84,1,23,1,2,2006,2011,"2006.23.A.93.A.2",5,2,1.152154505
"427",1396,2009,0.84,1,23,1,3,2006,2011,"2006.23.A.93.A.2",5,1,1.152154505
"428",1396,2010,0.84,1,23,1,4,2006,2011,"2006.23.A.93.A.2",5,2,1.152154505
"429",1396,2011,0.84,1,23,0,5,2006,2011,"2006.23.A.93.A.2",5,0,1.152154505
"430",1409,2006,0.74,2,23,0,1,2005,2006,"2005.23.A.100.A.1",1,0,0.240069768
"431",1432,2007,1.51,1,27,1,1,2006,2009,"2006.27.B.111.A.2",3,3,1.952324444
"432",1432,2008,1.51,1,27,1,2,2006,2009,"2006.27.B.111.A.2",3,1,1.952324444
"433",1432,2009,1.51,1,27,0,3,2006,2009,"2006.27.B.111.A.2",3,3,1.952324444
"434",1433,2007,1.32,2,27,0,1,2006,2007,"2006.27.B.111.A.2",1,0,1.886956464
"435",1440,2007,1.27,1,27,0,1,2006,2007,"2006.27.B.214.A.2",1,0,0.552324444
"436",1442,2007,1,1,27,1,1,2006,2008,"2006.27.B.214.A.2",2,0,1.052324444
"437",1442,2008,1,1,27,0,2,2006,2008,"2006.27.B.214.A.2",2,2,1.052324444
"438",1452,2007,0.85,2,27,0,1,2006,2007,"2006.27.B.18.A.1",1,0,1.85533175
"439",1455,2007,1.24,2,27,1,1,2006,2008,"2006.27.A.75.A.1",2,0,1.436956464
"440",1455,2008,1.24,2,27,0,2,2006,2008,"2006.27.A.75.A.1",2,0,1.436956464
"441",1466,2007,0.88,2,27,1,1,2006,2009,"2006.27.A.32.A.2",3,0,1.026956464
"442",1466,2008,0.88,2,27,1,2,2006,2009,"2006.27.A.32.A.2",3,0,1.026956464
"443",1466,2009,0.88,2,27,0,3,2006,2009,"2006.27.A.32.A.2",3,0,1.026956464
"444",1479,2007,1.23,1,27,0,1,2006,2007,"2006.27.A.315.A.1",1,0,-0.647675556
"445",1486,2007,1.17,1,27,0,1,2006,2007,"2006.27.B.107.A.1",1,0,-1.304689514
"446",1502,2007,1,2,27,0,1,2006,2007,"2006.27.B.15.A.1",1,0,-0.05726693
"447",1503,2007,1.09,2,27,0,1,2006,2007,"2006.27.B.15.A.1",1,1,1.27273307
"448",1528,2008,0.9,2,27,0,1,2007,2008,"2007.27.B.102.A.1",1,0,0.994537996
"449",1530,2008,0.79,1,27,1,1,2007,2010,"2007.27.B.104.A.1",3,0,-0.737686869
"450",1530,2009,0.79,1,27,1,2,2007,2010,"2007.27.B.104.A.1",3,2,-0.737686869
"451",1530,2010,0.79,1,27,0,3,2007,2010,"2007.27.B.104.A.1",3,3,-0.737686869
"452",1541,2008,0.84,2,27,1,1,2007,2010,"2007.27.B.87.A.1",3,0,0.326956464
"453",1541,2009,0.84,2,27,1,2,2007,2010,"2007.27.B.87.A.1",3,1,0.326956464
"454",1541,2010,0.84,2,27,0,3,2007,2010,"2007.27.B.87.A.1",3,1,0.326956464
"455",1552,2007,0.86,2,27,0,1,2006,2007,"2006.27.A.398.A.1",1,1,-0.565462004
"456",1556,2007,0.77,2,23,1,1,2006,2009,"2006.23.A.100.A.1",3,0,-1.979930232
"457",1556,2008,0.77,2,23,1,2,2006,2009,"2006.23.A.100.A.1",3,0,-1.979930232
"458",1556,2009,0.77,2,23,0,3,2006,2009,"2006.23.A.100.A.1",3,0,-1.979930232
"459",1557,2007,0.61,2,23,1,1,2006,2008,"2006.23.A.100.B.1",2,0,0.610069768
"460",1557,2008,0.61,2,23,0,2,2006,2008,"2006.23.A.100.B.1",2,0,0.610069768
"461",1572,2007,0.87,2,23,0,1,2006,2007,"2006.23.A.506.A.1",1,0,1.468066027
"462",1579,2007,0.78,2,23,0,1,2006,2007,"2006.23.A.502.B.1",1,0,1.486935774
"463",1586,2007,1.16,1,27,0,1,2006,2007,"2006.27.B.118.A.2",1,0,1.932324444
"464",1587,2007,0.93,1,27,0,1,2006,2007,"2006.27.B.118.A.2",1,0,2.622324444
"465",1588,2007,0.79,1,27,1,1,2006,2009,"2006.27.B.313.A.1",3,0,0.565310486
"466",1588,2008,0.79,1,27,1,2,2006,2009,"2006.27.B.313.A.1",3,1,0.565310486
"467",1588,2009,0.79,1,27,0,3,2006,2009,"2006.27.B.313.A.1",3,0,0.565310486
"468",1629,2007,0.76,2,27,0,1,2006,2007,"2006.27.B.310.A.2",1,1,0.09533175
"469",1630,2008,0.8,2,23,1,1,2007,2014,"2007.23.A.33.A.1",7,0,0.336935774
"470",1630,2009,0.8,2,23,1,2,2007,2014,"2007.23.A.33.A.1",7,1,0.336935774
"471",1630,2010,0.8,2,23,1,3,2007,2014,"2007.23.A.33.A.1",7,5,0.336935774
"472",1630,2011,0.8,2,23,1,4,2007,2014,"2007.23.A.33.A.1",7,1,0.336935774
"473",1630,2012,0.8,2,23,1,5,2007,2014,"2007.23.A.33.A.1",7,4,0.336935774
"474",1630,2013,0.8,2,23,1,6,2007,2014,"2007.23.A.33.A.1",7,5,0.336935774
"475",1653,2008,0.66,2,23,1,1,2007,2009,"2007.23.A.593.A.1",2,0,0.770069768
"476",1653,2009,0.66,2,23,0,2,2007,2009,"2007.23.A.593.A.1",2,1,0.770069768
"477",1659,2008,0.73,1,23,0,1,2007,2008,"2007.23.A.93.A.1",1,0,-0.630249387
"478",1660,2008,0.74,2,23,0,1,2007,2008,"2007.23.A.111.A.1",1,3,0.438664045
"479",1684,2009,1.59,1,23,1,1,2008,2011,"2008.23.A.593.A.2",3,0,-0.006175995
"480",1684,2010,1.59,1,23,1,2,2008,2011,"2008.23.A.593.A.2",3,0,-0.006175995
"481",1684,2011,1.59,1,23,0,3,2008,2011,"2008.23.A.593.A.2",3,0,-0.006175995
"482",1689,2009,0.87,1,27,0,1,2008,2009,"2008.27.B.832.A.1",1,1,-0.287675556
"483",1705,2009,0.72,2,23,0,1,2008,2009,"2008.23.A.502.B.2",1,0,0.610924552
"484",1712,2009,0.78,2,23,0,1,2008,2009,"2008.23.A.115.A.2",1,2,-0.981933973
"485",1713,2009,1.14,2,23,1,1,2008,2011,"2008.23.A.115.A.2",3,1,0.218066027
"486",1713,2010,1.14,2,23,1,2,2008,2011,"2008.23.A.115.A.2",3,2,0.218066027
"487",1713,2011,1.14,2,23,0,3,2008,2011,"2008.23.A.115.A.2",3,0,0.218066027
"488",1714,2009,1.13,2,23,1,1,2008,2010,"2008.23.A.115.A.2",2,0,0.568066027
"489",1714,2010,1.13,2,23,0,2,2008,2010,"2008.23.A.115.A.2",2,3,0.568066027
"490",1716,2009,0.87,1,23,0,1,2008,2009,"2008.23.A.87.A.1",1,0,2.172154505
"491",1725,2009,0.96,2,27,1,1,2008,2010,"2008.27.B.834.A.1",2,2,1.047611667
"492",1725,2010,0.96,2,27,0,2,2008,2010,"2008.27.B.834.A.1",2,1,1.047611667
"493",1729,2009,0.88,2,27,0,1,2008,2009,"2008.27.A.75.A.2",1,2,1.357858928
"494",1730,2009,0.93,1,27,0,1,2008,2009,"2008.27.A.75.A.2",1,0,1.638640048
"495",1735,2010,1.1,1,23,0,1,2009,2010,"2009.23.A.376.A.1",1,0,-0.746175995
"496",1742,2010,1.09,1,23,0,1,2009,2010,"2009.23.A.352.A.1",1,1,-0.930249387
"497",1752,2009,1.24,2,27,0,1,2008,2009,"2008.27.B.29.A.2",1,2,-0.572141072
"498",1757,2009,1.17,1,27,1,1,2008,2011,"2008.27.B.219.A.2",3,0,-1.514689514
"499",1757,2010,1.17,1,27,1,2,2008,2011,"2008.27.B.219.A.2",3,0,-1.514689514
"500",1757,2011,1.17,1,27,0,3,2008,2011,"2008.27.B.219.A.2",3,0,-1.514689514
"501",1758,2009,1,1,27,1,1,2008,2010,"2008.27.B.219.A.2",2,0,1.355310486
"502",1758,2010,1,1,27,0,2,2008,2010,"2008.27.B.219.A.2",2,0,1.355310486
"503",1759,2009,0.96,2,27,0,1,2008,2009,"2008.27.B.219.A.2",1,0,0.77533175
"504",1770,2009,0.9,2,27,0,1,2008,2009,"2008.27.B.394.A.2",1,0,2.597858928
"505",1771,2009,0.92,1,27,0,1,2008,2009,"2008.27.B.394.A.2",1,2,2.908640048
"506",1791,2010,1.16,2,27,1,1,2009,2011,"2009.27.B.35.A.2",2,0,0.431805154
"507",1791,2011,1.16,2,27,0,2,2009,2011,"2009.27.B.35.A.2",2,1,0.431805154
"508",1792,2010,1.71,1,27,1,1,2009,2011,"2009.27.B.35.A.2",2,0,-1.295885884
"509",1792,2011,1.71,1,27,0,2,2009,2011,"2009.27.B.35.A.2",2,0,-1.295885884
"510",1794,2010,1.23,1,27,1,1,2009,2011,"2009.27.B.35.A.2",2,0,0.134114116
"511",1794,2011,1.23,1,27,0,2,2009,2011,"2009.27.B.35.A.2",2,1,0.134114116
"512",1796,2010,0.83,1,27,0,1,2009,2010,"2009.27.B.140.A.2",1,1,-0.209047043
"513",1798,2010,1.88,2,27,0,1,2009,2010,"2009.27.B.140.A.2",1,0,-1.159287324
"514",1799,2010,2.11,1,27,0,1,2009,2010,"2009.27.B.140.A.2",1,0,-0.799047043
"515",1827,2010,0.94,2,27,1,1,2009,2017,"2009.27.A.17.A.1",8,2,0.93787634
"516",1827,2011,0.94,2,27,1,2,2009,2017,"2009.27.A.17.A.1",8,1,0.93787634
"517",1827,2012,0.94,2,27,1,3,2009,2017,"2009.27.A.17.A.1",8,0,0.93787634
"518",1827,2013,0.94,2,27,1,4,2009,2017,"2009.27.A.17.A.1",8,0,0.93787634
"519",1834,2010,0.93,2,27,1,1,2009,2011,"2009.27.B.163.A.1",2,0,-0.45212366
"520",1834,2011,0.93,2,27,0,2,2009,2011,"2009.27.B.163.A.1",2,0,-0.45212366
"521",1835,2010,0.96,1,27,1,1,2009,2011,"2009.27.B.163.A.1",2,2,-0.50760474
"522",1835,2011,0.96,1,27,0,2,2009,2011,"2009.27.B.163.A.1",2,0,-0.50760474
"523",1836,2010,1,2,27,1,1,2009,2011,"2009.27.B.163.A.1",2,0,-0.64212366
"524",1836,2011,1,2,27,0,2,2009,2011,"2009.27.B.163.A.1",2,0,-0.64212366
"525",1838,2010,1.28,2,27,1,1,2009,2011,"2009.27.B.171.A.1",2,0,0.059470299
"526",1838,2011,1.28,2,27,0,2,2009,2011,"2009.27.B.171.A.1",2,0,0.059470299
"527",1839,2010,1.29,1,27,1,1,2009,2012,"2009.27.B.171.A.1",3,0,-0.263936118
"528",1839,2011,1.29,1,27,1,2,2009,2012,"2009.27.B.171.A.1",3,0,-0.263936118
"529",1839,2012,1.29,1,27,0,3,2009,2012,"2009.27.B.171.A.1",3,0,-0.263936118
"530",1848,2010,0.89,1,27,1,1,2009,2011,"2009.27.B.41.A.1",2,0,-1.945486183
"531",1848,2011,0.89,1,27,0,2,2009,2011,"2009.27.B.41.A.1",2,0,-1.945486183
"532",1849,2010,0.85,2,27,0,1,2009,2010,"2009.27.B.41.A.1",1,0,-1.261547767
"533",1874,2010,1.35,1,23,1,1,2009,2012,"2009.23.A.256.A.1",3,0,-0.468964321
"534",1874,2011,1.35,1,23,1,2,2009,2012,"2009.23.A.256.A.1",3,0,-0.468964321
"535",1874,2012,1.35,1,23,0,3,2009,2012,"2009.23.A.256.A.1",3,0,-0.468964321
"536",1888,2010,1.6,1,23,0,1,2009,2010,"2009.23.A.362.A.2",1,0,1.044374679
"537",1892,2010,1.44,1,27,1,1,2009,2011,"2009.27.B.187.A.2",2,0,-3.16760474
"538",1892,2011,1.44,1,27,0,2,2009,2011,"2009.27.B.187.A.2",2,0,-3.16760474
"539",1899,2010,1.31,2,27,1,1,2009,2011,"2009.27.B.76.A.1",2,1,0.182389682
"540",1899,2011,1.31,2,27,0,2,2009,2011,"2009.27.B.76.A.1",2,1,0.182389682
"541",1901,2010,1.25,2,27,1,1,2009,2011,"2009.27.B.84.A.1",2,0,0.612611667
"542",1901,2011,1.25,2,27,0,2,2009,2011,"2009.27.B.84.A.1",2,0,0.612611667
"543",1904,2010,1.18,2,27,1,1,2009,2011,"2009.27.B.84.A.1",2,0,0.702611667
"544",1904,2011,1.18,2,27,0,2,2009,2011,"2009.27.B.84.A.1",2,0,0.702611667
"545",1906,2010,1.15,2,27,0,1,2009,2010,"2009.27.B.107.A.1",1,0,1.167858928
"546",1908,2010,1.09,1,27,1,1,2009,2011,"2009.27.B.107.A.1",2,0,0.148640048
"547",1908,2011,1.09,1,27,0,2,2009,2011,"2009.27.B.107.A.1",2,0,0.148640048
"548",1911,2010,1.13,2,27,1,1,2009,2011,"2009.27.B.171.A.2",2,0,0.902611667
"549",1911,2011,1.13,2,27,0,2,2009,2011,"2009.27.B.171.A.2",2,1,0.902611667
"550",1913,2010,1.77,1,27,1,1,2009,2011,"2009.27.B.171.A.2",2,0,1.07869103
"551",1913,2011,1.77,1,27,0,2,2009,2011,"2009.27.B.171.A.2",2,0,1.07869103
"552",1915,2010,1.28,2,27,1,1,2009,2013,"2009.27.B.67.A.1",4,1,0.35866255
"553",1915,2011,1.28,2,27,1,2,2009,2013,"2009.27.B.67.A.1",4,3,0.35866255
"554",1915,2012,1.28,2,27,1,3,2009,2013,"2009.27.B.67.A.1",4,0,0.35866255
"555",1915,2013,1.28,2,27,0,4,2009,2013,"2009.27.B.67.A.1",4,1,0.35866255
"556",1919,2010,2.06,1,27,1,1,2009,2011,"2009.27.B.67.A.1",2,0,1.436772623
"557",1919,2011,2.06,1,27,0,2,2009,2011,"2009.27.B.67.A.1",2,0,1.436772623
"558",1920,2010,1.17,2,27,0,1,2009,2010,"2009.27.B.140.A.1",1,1,1.076956464
"559",1923,2010,0.96,2,27,1,1,2009,2012,"2009.27.B.140.A.1",3,1,0.976956464
"560",1923,2011,0.96,2,27,1,2,2009,2012,"2009.27.B.140.A.1",3,1,0.976956464
"561",1923,2012,0.96,2,27,0,3,2009,2012,"2009.27.B.140.A.1",3,0,0.976956464
"562",1924,2010,1.31,2,27,1,1,2009,2013,"2009.27.B.148.A.1",4,0,1.160712676
"563",1924,2011,1.31,2,27,1,2,2009,2013,"2009.27.B.148.A.1",4,0,1.160712676
"564",1924,2012,1.31,2,27,1,3,2009,2013,"2009.27.B.148.A.1",4,0,1.160712676
"565",1924,2013,1.31,2,27,0,4,2009,2013,"2009.27.B.148.A.1",4,0,1.160712676
"566",1930,2010,0.98,2,27,1,1,2009,2011,"2009.27.B.92.A.1",2,1,-0.20212366
"567",1930,2011,0.98,2,27,0,2,2009,2011,"2009.27.B.92.A.1",2,0,-0.20212366
"568",1942,2010,1.81,2,27,1,1,2009,2011,"2009.27.B.99.A.1",2,2,0.26787634
"569",1942,2011,1.81,2,27,0,2,2009,2011,"2009.27.B.99.A.1",2,0,0.26787634
"570",1943,2010,0.83,1,27,0,1,2009,2010,"2009.27.B.99.A.1",1,0,-1.09760474
"571",1945,2010,2.62,2,27,1,1,2009,2011,"2009.27.B.99.A.1",2,0,-2.83212366
"572",1945,2011,2.62,2,27,0,2,2009,2011,"2009.27.B.99.A.1",2,0,-2.83212366
"573",1949,2010,1.24,1,27,1,1,2009,2014,"2009.27.A.17.A.2",5,0,1.133783293
"574",1949,2011,1.24,1,27,1,2,2009,2014,"2009.27.A.17.A.2",5,0,1.133783293
"575",1949,2012,1.24,1,27,1,3,2009,2014,"2009.27.A.17.A.2",5,0,1.133783293
"576",1949,2013,1.24,1,27,1,4,2009,2014,"2009.27.A.17.A.2",5,0,1.133783293
"577",1957,2010,3.87,2,27,1,1,2009,2011,"2009.27.B.75.A.1",2,1,1.649470299
"578",1957,2011,3.87,2,27,0,2,2009,2011,"2009.27.B.75.A.1",2,0,1.649470299
"579",1961,2010,1.36,1,27,1,1,2009,2011,"2009.27.B.163.A.2",2,0,1.236063882
"580",1961,2011,1.36,1,27,0,2,2009,2011,"2009.27.B.163.A.2",2,0,1.236063882
"581",1967,2010,0.85,2,27,0,1,2009,2010,"2009.27.B.90.A.2",1,0,0.154640255
"582",1971,2010,0.92,2,27,0,1,2009,2010,"2009.27.B.187.A.3",1,0,1.776956464
"583",1986,2011,0.84,2,27,1,1,2010,2013,"2010.27.A.17.A.1",3,1,1.078367387
"584",1986,2012,0.84,2,27,1,2,2010,2013,"2010.27.A.17.A.1",3,2,1.078367387
"585",1986,2013,0.84,2,27,0,3,2010,2013,"2010.27.A.17.A.1",3,2,1.078367387
"586",1993,2011,1.44,1,27,0,1,2010,2011,"2010.27.B.101.A.1",1,0,-0.543227377
"587",1996,2011,0.88,1,27,0,1,2010,2011,"2010.27.A.6.A.1",1,0,-1.074689514
"588",1997,2011,1.19,1,27,0,1,2010,2011,"2010.27.B.129.A.1",1,0,0.14542744
"589",2011,2011,1.01,2,27,0,1,2010,2011,"2010.27.A.105.A.1",1,0,0.206633963
"590",2018,2011,0.66,1,27,1,1,2010,2012,"2010.27.B.59.A.2",2,0,0.59869103
"591",2018,2012,0.66,1,27,0,2,2010,2012,"2010.27.B.59.A.2",2,0,0.59869103
"592",2020,2011,0.67,2,27,0,1,2010,2011,"2010.27.A.32.B.1",1,0,0.446956464
"593",2022,2011,0.66,2,27,1,1,2010,2012,"2010.27.B.76.A.2",2,0,0.676956464
"594",2022,2012,0.66,2,27,0,2,2010,2012,"2010.27.B.76.A.2",2,0,0.676956464
"595",2023,2011,0.89,1,27,0,1,2010,2011,"2010.27.B.32.A.1",1,0,0.459681922
"596",2024,2011,0.86,2,27,0,1,2010,2011,"2010.27.B.32.A.1",1,1,-0.99726693
"597",2028,2011,0.68,2,27,0,1,2010,2011,"2010.27.B.2.B.2",1,0,1.307858928
"598",2032,2012,0.67,2,27,0,1,2011,2012,"2011.27.A.219.A.1",1,0,-0.897338434
"599",2033,2012,0.9,1,27,0,1,2011,2012,"2011.27.B.244.A.1",1,0,-1.087675556
"600",2055,2012,0.96,1,23,0,1,2011,2012,"2011.23.A.263.A.1",1,0,0.851035679
"601",2066,2012,0.79,1,23,1,1,2011,2014,"2011.23.A.265.A.1",3,1,-0.788964321
"602",2066,2013,0.79,1,23,1,2,2011,2014,"2011.23.A.265.A.1",3,5,-0.788964321
"603",2085,2012,1.01,2,27,1,1,2011,2014,"2011.27.B.220.A.1",3,0,1.396956464
"604",2085,2013,1.01,2,27,1,2,2011,2014,"2011.27.B.220.A.1",3,1,1.396956464
"605",2089,2012,0.85,2,27,1,1,2011,2013,"2011.27.B.75.A.1",2,0,1.73273307
"606",2089,2013,0.85,2,27,0,2,2011,2013,"2011.27.B.75.A.1",2,1,1.73273307
"607",2091,2012,0.73,1,27,1,1,2011,2014,"2011.27.B.194.A.2",3,0,1.442324444
"608",2091,2013,0.73,1,27,1,2,2011,2014,"2011.27.B.194.A.2",3,0,1.442324444
"609",2093,2012,0.81,2,27,1,1,2011,2019,"2011.27.B.194.A.2",8,0,1.626956464
"610",2093,2013,0.81,2,27,1,2,2011,2019,"2011.27.B.194.A.2",8,0,1.626956464
"611",2112,2012,0.98,2,27,0,1,2011,2012,"2011.27.A.173.A.2",1,0,1.37273307
"612",2113,2012,1.05,1,27,1,1,2011,2015,"2011.27.A.173.A.2",4,1,1.489681922
"613",2113,2013,1.05,1,27,1,2,2011,2015,"2011.27.A.173.A.2",4,0,1.489681922
"614",2120,2012,0.98,1,27,1,1,2011,2013,"2011.27.B.245.A.1",2,0,0.59542744
"615",2120,2013,0.98,1,27,0,2,2011,2013,"2011.27.B.245.A.1",2,0,0.59542744
"616",2140,2011,1.1,2,23,0,1,2010,2011,"2010.23.A.265.A.1",1,0,0.856935774
"617",2141,2011,1.42,1,23,0,1,2010,2011,"2010.23.A.265.A.1",1,1,1.073824005
"618",2142,2011,1.26,2,23,1,1,2010,2014,"2010.23.A.283.A.1",4,0,0.806935774
"619",2142,2012,1.26,2,23,1,2,2010,2014,"2010.23.A.283.A.1",4,0,0.806935774
"620",2142,2013,1.26,2,23,1,3,2010,2014,"2010.23.A.283.A.1",4,6,0.806935774
"621",2143,2011,0.9,1,23,0,1,2010,2011,"2010.23.A.283.A.1",1,1,0.393824005
"622",2147,2011,0.92,2,23,0,1,2010,2011,"2010.23.A.361.A.1",1,0,0.180069768
"623",2151,2011,1.62,1,23,1,1,2010,2012,"2010.23.A.256.A.1",2,1,-1.170249387
"624",2151,2012,1.62,1,23,0,2,2010,2012,"2010.23.A.256.A.1",2,1,-1.170249387
"625",2154,2011,2.1,2,23,1,1,2010,2012,"2010.23.A.273.A.2",2,0,-0.043064226
"626",2154,2012,2.1,2,23,0,2,2010,2012,"2010.23.A.273.A.2",2,0,-0.043064226
"627",2155,2011,2.23,1,23,0,1,2010,2011,"2010.23.A.273.A.2",1,2,0.373824005
"628",2161,2011,0.89,1,23,1,1,2010,2015,"2010.23.A.279.A.1",5,1,0.071035679
"629",2161,2012,0.89,1,23,1,2,2010,2015,"2010.23.A.279.A.1",5,6,0.071035679
"630",2161,2013,0.89,1,23,1,3,2010,2015,"2010.23.A.279.A.1",5,1,0.071035679
"631",2163,2011,1,2,23,0,1,2010,2011,"2010.23.A.355.A.1",1,0,-0.903064226
"632",2165,2011,0.84,2,23,0,1,2010,2011,"2010.23.A.284.A.2",1,0,0.870069768
"633",2167,2011,1.04,2,23,0,1,2010,2011,"2010.23.A.284.A.2",1,0,0.340069768
"634",2168,2011,0.76,1,23,1,1,2010,2014,"2010.23.A.273.A.3",4,0,1.359750613
"635",2168,2012,0.76,1,23,1,2,2010,2014,"2010.23.A.273.A.3",4,0,1.359750613
"636",2168,2013,0.76,1,23,1,3,2010,2014,"2010.23.A.273.A.3",4,0,1.359750613
"637",2169,2011,1.14,2,23,1,1,2010,2012,"2010.23.A.273.A.3",2,1,2.020069768
"638",2169,2012,1.14,2,23,0,2,2010,2012,"2010.23.A.273.A.3",2,3,2.020069768
"639",2171,2011,0.76,2,23,0,1,2010,2011,"2010.23.A.256.A.2",1,0,2.718066027
"640",2172,2011,0.96,2,23,0,1,2010,2011,"2010.23.A.256.A.2",1,0,2.238066027
"641",2173,2011,0.68,2,23,0,1,2010,2011,"2010.23.A.256.A.2",1,1,2.358066027
"642",2174,2011,0.9,1,23,0,1,2010,2011,"2010.23.A.352.A.2",1,0,0.479750613
"643",2176,2011,0.67,1,23,1,1,2010,2014,"2010.23.A.255.A.1",4,0,2.451035679
"644",2176,2012,0.67,1,23,1,2,2010,2014,"2010.23.A.255.A.1",4,4,2.451035679
"645",2176,2013,0.67,1,23,1,3,2010,2014,"2010.23.A.255.A.1",4,4,2.451035679
"646",2177,2011,1.03,1,23,0,1,2010,2011,"2010.23.A.255.A.1",1,0,1.661035679
"647",2178,2011,0.99,1,23,1,1,2010,2012,"2010.23.A.255.A.1",2,1,0.521035679
"648",2178,2012,0.99,1,23,0,2,2010,2012,"2010.23.A.255.A.1",2,3,0.521035679
"649",2189,2011,0.63,1,27,0,1,2010,2011,"2010.27.B.71.A.2",1,1,-1.081359952
"650",2193,2011,1.32,1,27,0,1,2010,2011,"2010.27.B.98.A.2",1,1,-0.234689514
"651",2202,2011,0.91,1,27,1,1,2010,2013,"2010.27.B.199.A.1",3,0,1.962324444
"652",2202,2012,0.91,1,27,1,2,2010,2013,"2010.27.B.199.A.1",3,0,1.962324444
"653",2202,2013,0.91,1,27,0,3,2010,2013,"2010.27.B.199.A.1",3,0,1.962324444
"654",2205,2011,0.82,2,27,1,1,2010,2012,"2010.27.B.71.A.1",2,0,0.816956464
"655",2205,2012,0.82,2,27,0,2,2010,2012,"2010.27.B.71.A.1",2,0,0.816956464
"656",2208,2011,0.94,2,27,0,1,2010,2011,"2010.27.B.71.A.1",1,0,0.686956464
"657",2224,2011,0.76,1,27,0,1,2010,2011,"2010.27.A.17.A.2",1,1,0.935310486
"658",2239,2011,0.57,2,27,0,1,2010,2011,"2010.27.B.33.A.1",1,0,-0.203258046
"659",2242,2011,0.84,1,27,0,1,2010,2011,"2010.27.B.194.A.1",1,0,-2.464689514
"660",2243,2011,0.94,2,27,0,1,2010,2011,"2010.27.B.194.A.1",1,0,-2.32466825
"661",2245,2011,1.01,1,27,0,1,2010,2011,"2010.27.B.182.A.2",1,0,0.645310486
"662",2246,2011,0.91,1,27,0,1,2010,2011,"2010.27.B.125.A.2",1,0,0.595310486
"663",2250,2011,0.91,1,27,0,1,2010,2011,"2010.27.A.94.A.3",1,1,1.785310486
"664",2251,2011,0.74,2,27,0,1,2010,2011,"2010.27.A.94.A.3",1,1,0.69533175
"665",2253,2011,0.74,2,27,1,1,2010,2014,"2010.27.A.94.A.3",4,2,0.98533175
"666",2253,2012,0.74,2,27,1,2,2010,2014,"2010.27.A.94.A.3",4,0,0.98533175
"667",2253,2013,0.74,2,27,1,3,2010,2014,"2010.27.A.94.A.3",4,0,0.98533175
"668",2254,2011,1.24,2,27,0,1,2010,2011,"2010.27.A.94.A.3",1,0,-0.37466825
"669",2261,2012,0.96,1,27,0,1,2011,2012,"2011.27.A.17.A.3",1,0,1.425310486
"670",2263,2012,0.77,2,27,0,1,2011,2012,"2011.27.A.17.A.3",1,0,2.07533175
"671",2264,2012,1.03,1,27,1,1,2011,2015,"2011.27.A.17.A.3",4,0,0.005310486
"672",2264,2013,1.03,1,27,1,2,2011,2015,"2011.27.A.17.A.3",4,3,0.005310486
"673",2281,2012,0.79,2,27,0,1,2011,2012,"2011.27.B.86.A.3",1,0,1.497858928
"674",2303,2013,0.81,2,27,1,1,2012,2015,"2012.27.B.129.A.1",3,1,-0.923043536
"675",2304,2013,0.65,1,27,1,1,2012,2015,"2012.27.A.213.A.1",3,0,0.359681922
"676",2306,2013,1.17,1,27,1,1,2012,2015,"2012.27.A.481.A.2",3,1,1.602324444
"677",2325,2013,0.96,1,27,0,1,2012,2013,"2012.27.A.489.A.1",1,1,-4.737675556
"678",2344,2013,1.02,2,23,1,1,2012,2014,"2012.23.A.262.A.1",2,0,0.740069768
"679",2345,2013,0.81,1,23,1,1,2012,2014,"2012.23.A.262.A.1",2,0,0.349750613
"680",2362,2012,0.9,1,23,1,1,2011,2014,"2011.23.A.255.A.1",3,0,0.919750613
"681",2362,2013,0.9,1,23,1,2,2011,2014,"2011.23.A.255.A.1",3,1,0.919750613
"682",2377,2012,0.6,1,23,0,1,2011,2012,"2011.23.A.271.A.2",1,0,-0.007845495
"683",2392,2012,0.94,1,27,0,1,2011,2012,"2011.27.A.481.A.1",1,0,-2.634689514
"684",2407,2012,0.8,1,27,0,1,2011,2012,"2011.27.B.187.A.1",1,0,-1.007675556
"685",2409,2012,0.89,1,27,0,1,2011,2012,"2011.27.B.253.A.1",1,0,0.522324444
"686",2419,2012,1.01,2,27,0,1,2011,2012,"2011.27.B.256.A.1",1,0,0.352389682
"687",2423,2012,0.93,2,27,1,1,2011,2013,"2011.27.B.278.A.1",2,0,-1.787610318
"688",2423,2013,0.93,2,27,0,2,2011,2013,"2011.27.B.278.A.1",2,1,-1.787610318
"689",2425,2012,1.09,2,27,1,1,2011,2014,"2011.27.A.105.A.1",3,1,0.806956464
"690",2425,2013,1.09,2,27,1,2,2011,2014,"2011.27.A.105.A.1",3,5,0.806956464
"691",2434,2012,0.76,1,27,0,1,2011,2012,"2011.27.B.102.A.1",1,0,1.039681922
"692",2436,2012,0.8,1,27,1,1,2011,2015,"2011.27.B.182.A.1",4,0,0.477382921
"693",2436,2013,0.8,1,27,1,2,2011,2015,"2011.27.B.182.A.1",4,1,0.477382921
"694",2445,2012,0.89,2,27,1,1,2011,2014,"2011.27.A.17.A.2",3,0,-0.577338434
"695",2445,2013,0.89,2,27,1,2,2011,2014,"2011.27.A.17.A.2",3,1,-0.577338434
"696",2452,2012,0.7,1,27,0,1,2011,2012,"2011.27.B.116.C.1",1,0,0.565310486
"697",2469,2012,0.98,1,27,0,1,2011,2012,"2011.27.A.238.A.1",1,0,1.408640048
"698",2473,2012,0.73,1,27,0,1,2011,2012,"2011.27.A.238.A.1",1,1,1.588640048
"699",2496,2012,0.75,2,27,1,1,2011,2013,"2011.27.B.248.A.2",2,0,0.18273307
"700",2496,2013,0.75,2,27,0,2,2011,2013,"2011.27.B.248.A.2",2,0,0.18273307
"701",2553,2013,0.95,1,27,1,1,2012,2014,"2012.27.A.105.A.2",2,0,0.117382921
"702",2557,2013,0.98,2,27,1,1,2012,2014,"2012.27.B.194.A.1",2,0,-0.143043536
"703",2564,2013,1.02,1,27,1,1,2012,2015,"2012.27.A.74.A.2",3,0,-0.677675556
"704",2570,2013,1.37,2,23,1,1,2012,2017,"2012.23.A.380.A.1",5,0,0.878645342
"705",2572,2013,2.88,1,23,1,1,2012,2014,"2012.23.A.318.A.3",2,0,-0.040249387
"706",2573,2013,3.58,1,23,0,1,2012,2013,"2012.23.A.318.A.3",1,0,0.829750613
"707",2581,2013,0.77,2,27,1,1,2012,2014,"2012.27.A.173.A.2",2,5,-0.97466825
"708",2584,2013,1,1,27,0,1,2012,2013,"2012.27.A.482.A.3",1,0,1.022313131
"709",2594,2013,0.81,1,27,0,1,2012,2013,"2012.27.B.102.A.1",1,0,0.662324444
